Car 0 3 -1.4296845391995574 460.943512 808.036499 758.256165 1080.0 1.478958 1.878626 4.250516 -2.428599029484293 3.3706191380585544 17.82672128207968 -1.5330922778845388
Car 2 0 1.802992775570683 369.25174 200.823975 440.261872 245.49363699999998 1.462352 1.782183 4.214979 -20.38867497234066 -11.919645741663182 84.65255339211492 1.5988663905254805
Car 1 0 1.8558405346854878 241.867294 224.8918 331.193359 283.84277399999996 1.718876 1.810965 4.200838 -20.891212844659833 -8.616365802720107 70.2250098698826 1.5989106921155152
Car 0 0 2.7784740158891097 1266.213623 373.659393 1521.518555 466.20288100000005 1.509073 1.803278 4.68142 8.353585851790257 -1.9567155301626036 41.84578932388209 3.014091706463608
Car 1 0 1.9051209113265826 131.446381 235.979599 219.64704899999998 301.023529 1.677232 1.858664 4.262789 -24.139607858677785 -8.076280370933805 68.43926449277916 1.5982665463991799
Car 1 0 1.781249370071229 415.01181 182.43248 472.88061500000003 222.481705 1.51638 1.826175 4.304428 -20.77804009040036 -13.624832508029158 91.85502306606436 1.5911972136902328
Car 0 0 1.8899405078293559 156.680588 257.342773 265.557709 327.78753600000005 1.656212 1.852894 4.282443 -20.357044855849246 -6.4803160407906555 61.067660016690574 1.6003602789263436
Car 1 0 4.644864066669458 945.752991 736.793335 1177.2445069999999 984.7957759999999 1.711758 2.118434 4.211715 1.1008261340850103 3.0751257933723837 19.42129680351877 -1.5493178828475849
Car 1 0 1.9367840584885507 41.435284 254.804977 148.89434500000002 332.11764500000004 1.724661 1.850698 4.270751 -23.744172597331257 -6.449261144458362 61.081065073003764 1.5982667340660281
Car 1 0 1.806110897875705 356.571991 225.267502 445.112305 294.398682 1.729397 2.31211 4.222775 -16.91631620540815 -8.287922582386845 68.55855514539606 1.5964812131734734
Car 1 0 1.825756110770898 326.560394 212.081833 399.529052 257.99816899999996 1.538257 1.805943 4.285675 -20.65560812439729 -10.444926887771196 78.66724382892127 1.6011512671300467
Car 1 0 2.9495904223123834 226.343246 411.257813 522.016342 529.433411 1.510542 1.813407 4.621865 -9.571533556418371 -0.7628542890560439 35.60150337221815 2.718204998514697
Pedestrian 1 0 -0.343628375656743 1560.123535 291.938232 1592.469238 363.32598800000005 1.689083 0.585894 0.738271 15.720271107575948 -4.718296268075356 54.30773063552804 -0.020603119789743385
Car 0 0 4.058123286867871 1407.057617 261.733795 1556.8009029999998 326.73812799999996 1.602811 1.843297 4.897807 15.22646702615551 -6.777059240289557 63.071107112024585 -1.9456592492696012
Motorcyclist 1 0 3.269618026974492 581.765808 275.304016 642.43512 337.902069 1.802903 1.129834 1.81201 -8.172163072794456 -5.000999999696531 54.35225412724294 -3.1205403397967277
Cyclist 0 0 3.4416481596167534 90.089546 281.63385 155.927139 362.118896 1.799058 0.77327 1.848489 -20.387611766443943 -4.719272705232476 53.44593401495037 3.1184210507842804
Motorcyclist 0 0 4.5121642668300925 1297.040894 634.637024 1394.6481939999999 825.6872559999999 1.742688 0.87016 1.742666 4.245566164570045 2.3628122987871123 22.69796886894857 -1.5536245710377032
Car 0 3 4.577747269825396 1022.023193 957.322083 1573.760498 1080.0 2.409964 2.612448 5.408791 1.5443707689492612 4.650727828977148 12.398499511334942 -1.5491370405595115
Car 1 0 1.7761713422607721 430.476929 204.807343 505.35556099999997 262.15087900000003 1.734049 1.820164 4.311868 -16.629975821530493 -10.319674977310886 77.27550613428227 1.5964813245932215
Pedestrian 1 0 1.234457467917693 1637.595093 304.902557 1667.695313 367.63809200000003 1.702914 0.534786 0.476677 16.929587428471528 -4.24159738070356 52.015212459136976 1.5817562720897973
Car 0 0 2.8295421551574056 807.736084 384.893463 1061.150024 485.592193 1.559779 1.799895 4.492471 -0.41048713234650847 -1.5687690605359226 39.753049303243195 2.8537153263353616
Car 0 3 4.419042717043526 1385.455322 867.034973 1835.16333 1080.0 1.426894 1.816419 4.353682 4.642308562885903 3.728040919530091 16.714454367877746 -1.560572369405969
Car 1 0 1.829170193793929 298.109467 253.376877 392.27194299999996 321.552063 1.565583 1.790665 4.20796 -16.741025938549363 -6.704445625512979 61.695287684928104 1.596481218929644
Car 1 0 1.745595972571323 515.829651 183.85556 570.684693 224.560577 1.508984 1.783148 4.242288 -16.87272859247909 -13.72135931592 91.9935757097998 1.5964809165124318
Car 1 0 1.8253769131152724 327.860809 183.881516 392.51470900000004 221.17125000000001 1.479192 1.780188 4.226656 -24.080010520382203 -13.471241365048556 90.75681811700804 1.5982657826727493
Car 1 0 1.8504747414105671 260.786163 198.048553 332.954254 245.949966 1.545409 1.811137 4.227365 -24.002281856628358 -11.556028328240949 82.09429468584536 1.5982661834956993
Car 1 0 1.7594771941970886 473.707764 196.591873 536.083618 242.532532 1.605254 1.817344 4.236898 -16.886225002942403 -12.137514915730236 85.37125335483067 1.5964811174390965
