Car 0 0 1.7511197966070795 506.976776 159.404922 558.9757079999999 198.414245 1.451228 1.951387 4.38935 -20.364620191916078 -17.485305885385277 108.89019589717024 1.496292076353678
Car 0 0 -1.5459143014491497 1386.311768 313.116821 1488.526734 408.436523 1.665467 1.999851 4.282887 11.304617059784736 -3.777737650716433 49.927231813612394 -1.3977691060627718
Car 0 0 4.427312923071999 333.032135 391.203308 509.545593 541.771362 2.011662 1.885507 4.510598 -8.379493086190173 -0.6629716145724629 35.29112532040802 -2.1467522113936676
Car 0 0 -1.5144118447835846 771.463684 399.484924 885.956909 504.53723099999996 1.483408 1.944872 4.240802 -1.9842375032430317 -1.5417613900789737 39.39965229053939 -1.4349060636219074
Car 0 0 1.6706139975055077 621.779602 127.254097 654.115784 154.222687 1.502379 1.780574 4.252162 -20.816628796135813 -26.94222077877709 150.3898053991206 1.4638642045215914
Car 0 0 4.655307408701655 972.595581 524.164917 1122.217651 670.3083499999999 1.460737 1.895688 4.289913 1.3356690139308323 0.7639513881137647 29.656723806354908 -1.452649334914184
Cyclist 1 0 4.171099853753795 1388.010254 190.564301 1414.1179200000001 221.088913 1.124537 0.485469 1.716391 19.663815673936515 -13.949651140378162 93.67072406733077 -1.9671898074101998
Pedestrian 0 0 -1.3063908345076438 1718.146484 205.688507 1739.2663570000002 260.801697 1.539756 0.615454 0.469759 27.108442868889025 -10.00635475140822 75.45632189188134 -0.8379464264596674
Car 0 0 4.694007066384683 935.933472 108.26506 961.3845220000001 134.760498 1.499421 1.944764 4.280032 0.7863235815038285 -35.22622878162137 187.61960860047205 -1.4547191587504727
Car 1 0 4.032455010517474 1430.136719 268.631744 1573.289185 336.32778900000005 1.523455 1.767115 4.440676 15.629600648341077 -6.449542944321366 61.791915116806656 -1.8626721155618068
Pedestrian 0 0 -1.3071737893961473 1718.146484 205.688507 1739.2663570000002 260.801697 1.70751 0.495133 0.449766 15.02522363129964 -10.017055589563311 75.03774874493314 0.5328594257426778