Car 0 3 -1.4296845391995574 460.943512 808.036499 758.256165 1080.0 1.478958 1.878626 4.250516 -2.428599029484293 3.3706191380585544 17.82672128207968 -1.4230922778845388
Car 1 0 1.8558405346854878 241.867294 224.8918 331.193359 283.84277399999996 1.718876 1.810965 4.200838 -20.891212844659833 -8.616365802720107 70.2250098698826 1.4889106921155152
Car 0 0 2.7784740158891097 1266.213623 373.659393 1521.518555 466.20288100000005 1.509073 1.803278 4.68142 8.353585851790257 -1.9567155301626036 41.84578932388209 3.104091706463608
Car 1 0 1.9051209113265826 131.446381 235.979599 219.64704899999998 301.023529 1.677232 1.858664 4.262789 -24.139607858677785 -8.076280370933805 68.43926449277916 1.3882665463991799
Car 0 0 1.8899405078293559 156.680588 257.342773 265.557709 327.78753600000005 1.656212 1.852894 4.282443 -20.357044855849246 -6.4803160407906555 61.067660016690574 1.5103602789263436
Car 1 0 4.644864066669458 945.752991 736.793335 1177.2445069999999 984.7957759999999 1.711758 2.118434 4.211715 1.1008261340850103 3.0751257933723837 19.42129680351877 -1.6393178828475849
Car 1 0 1.806110897875705 356.571991 225.267502 445.112305 294.398682 1.729397 2.31211 4.222775 -16.91631620540815 -8.287922582386845 68.55855514539606 1.5864812131734734
Car 1 0 2.9495904223123834 226.343246 411.257813 522.016342 529.433411 1.510542 1.813407 4.621865 -9.571533556418371 -0.7628542890560439 35.60150337221815 2.628204998514697
Car 0 0 4.058123286867871 1407.057617 261.733795 1556.8009029999998 326.73812799999996 1.602811 1.843297 4.897807 15.22646702615551 -6.777059240289557 63.071107112024585 -1.8556592492696012
Cyclist 0 0 3.4416481596167534 90.089546 281.63385 155.927139 362.118896 1.799058 0.77327 1.848489 -20.387611766443943 -4.719272705232476 53.44593401495037 3.0284210507842804
Motorcyclist 0 0 4.5121642668300925 1297.040894 634.637024 1394.6481939999999 825.6872559999999 1.742688 0.87016 1.742666 4.245566164570045 2.3628122987871123 22.69796886894857 -1.4436245710377032
Car 0 0 2.8295421551574056 807.736084 384.893463 1061.150024 485.592193 1.559779 1.799895 4.492471 -0.41048713234650847 -1.5687690605359226 39.753049303243195 2.7437153263353616
Car 0 3 4.419042717043526 1385.455322 867.034973 1835.16333 1080.0 1.426894 1.816419 4.353682 4.642308562885903 3.728040919530091 16.714454367877746 -1.470572369405969
Car 1 0 1.7594771941970886 473.707764 196.591873 536.083618 242.532532 1.605254 2.117344 6.236898 -16.886225002942403 -12.137514915730236 85.37125335483067 1.0864811174390965
