Car 0 0 1.7828695792642633 601.837585 151.143738 643.988769 182.17303500000003 1.467456 1.973684 4.393716 -17.31838906831937 -19.671925850441493 119.40641733197798 1.66736976150397
Car 0 0 2.8822050091237372 1312.587524 353.178528 1568.556274 458.809357 1.782076 1.838177 4.734768 9.666508004422418 -2.150566493878057 42.94215551855534 -3.13832879483844
Car 0 2 2.732849338366932 1685.777466 356.575897 1920.0 460.280456 1.844324 1.80745 4.474249 17.002370252186733 -2.1867715155667637 43.184317416418835 -3.1339225629794196
Car 1 0 1.8724322739097425 178.484848 230.626083 256.81842 290.854065 1.450075 1.894809 4.258458 -24.064698004322878 -9.000004038102437 71.8276969247075 1.5795855461421056
Car 0 0 1.9108751826056636 55.979324 249.104553 169.66400099999998 323.25210500000003 1.69616 1.918375 4.351817 -23.65359943169498 -6.857891637954833 62.51991704985759 1.579614811400221
Car 0 0 -1.4381657754465753 519.687012 786.936462 776.826172 1048.141235 1.662155 1.924884 4.24122 -2.3192469083337235 3.342539314709574 18.487696544441857 -1.5331751456683502
Car 1 0 -0.2099002235618283 400.906219 336.101288 634.00885 433.676605 1.668487 1.989741 4.283787 -8.740610872154887 -2.7678836767767185 44.74395947020918 -0.3706150522344651
Car 1 0 1.902054478460566 231.570618 237.543732 323.81985499999996 293.427338 1.465292 1.931298 4.39516 -20.631783628277123 -8.36999609471376 69.31415440351411 1.6418139897544108
Motorcyclist 0 0 3.1876424234687333 713.032654 552.626282 844.25824 689.68396 1.61228 0.760415 1.849493 -2.2125661338722913 1.3970288024915236 26.62825600841424 -3.1371807463203942
Car 0 0 -0.2222688270138903 864.468689 410.087585 1137.406616 518.69873 1.563495 1.831456 4.236997 1.237670118816425 -0.9742100952515154 37.20470112888998 -0.15144597994955666
Car 0 3 4.420712923473597 1390.831299 802.253662 1820.215454 1080.0 1.624334 1.974171 4.432244 5.030083731806028 3.4852997052446675 18.087786749910304 -1.560826575547148
Car 0 0 1.7068300537082868 494.869049 164.904694 546.778992 200.182084 1.486695 1.850314 4.350779 -20.396974970667227 -17.103202779670514 106.79929682940698 1.549252419645784
Car 1 0 1.8004776683459458 341.06134 189.639511 400.63879399999996 237.218063 1.464484 1.940915 4.442124 -23.349176833504515 -13.322771784696146 90.12960837613505 1.5774697875126638
Car 1 0 1.8609368019630788 189.615387 250.721649 284.063843 318.84344500000003 1.670066 1.95141 4.264795 -20.39424219597788 -7.021014916927334 63.283494664679246 1.5796107171355835
Car 0 3 4.63339660970465 993.88446 825.617004 1250.307495 1080.0 1.538014 1.769476 4.202459 1.2824416780820849 3.417965440604931 17.841616194145374 -1.5479179592088328
Car 1 0 2.9694781091989473 851.190552 363.632538 1096.187744 455.771454 1.591526 1.813706 4.600102 0.5654242147100448 -2.0885804748236323 41.9804462226036 3.021275807518964
Car 0 0 1.80369843921525 320.206909 251.588821 410.97326599999997 315.706329 1.514483 1.97326 4.380914 -16.58807388747313 -7.1643464795122105 63.690687509655255 1.579350079993377
Car 0 0 3.0420089594523256 163.658463 368.036316 451.251664 493.551972 1.859765 1.936356 4.800537 -11.04220327641658 -1.4398389219080343 38.683987355942236 2.7967744626757325
Car 1 0 -1.5426433193841729 934.095032 212.794586 991.441834 272.36575300000004 1.815318 1.967752 4.232221 0.9227108075261583 -9.749892133517832 75.09978146283461 -1.5012614643260338
Car 0 0 -1.5469424370588456 939.242676 255.592773 1002.1946409999999 319.010498 1.867858 1.984858 4.294698 1.0497862954469284 -6.963524933425717 63.29216923342478 -1.5012615929141768
Car 1 0 1.8068902324614864 321.558533 209.819046 396.205078 270.473907 1.591879 1.927203 4.299119 -20.323049820621147 -10.285181342998303 77.08701094155127 1.5795518775319106
Car 1 0 1.7822776280858967 364.961182 215.871597 461.398316 282.454559 1.762923 1.9664 4.20961 -16.975507545957754 -9.027460383990196 71.33000207959027 1.579083086959752
Car 1 0 1.8289964984272493 273.648865 193.741791 349.171295 251.47258 1.503132 1.931538 4.326213 -23.626893348610338 -11.6713225605628 82.18115751155699 1.579484468267804
Car 0 0 3.0060251563430627 508.788147 360.883636 758.944275 473.91311600000006 1.681331 1.775526 4.38503 -5.648405031384301 -1.845833966358148 40.417574316938584 2.9025777215487913
Car 0 0 1.7643776391604513 410.209259 254.151611 496.850983 321.884796 1.482445 1.808762 4.319125 -13.698420096914532 -6.918616854300341 62.34317926182901 1.5785457064210808
Car 0 3 4.420712923473597 1390.831299 802.253662 1820.215454 1080.0 1.024334 1.974171 6.432244 7.030083731806028 2.0852997052446675 18.087786749910304 -1.560826575547148