Car 1 0 0.3979666959269122 72.693764 125.266159 156.399689 167.347259 1.925318 2.064764 4.547451 -47.65676671445524 -22.191007541306334 126.29065216496147 0.08002712978310056
Trafficcone 1 0 2.844530029413891 1636.587402 333.90921 1651.91748 368.084411 0.80825 0.418663 0.441717 17.347825236873305 -4.651422267570931 54.105729695459054 -3.0859988175416895
Car 0 0 1.7828695792642633 601.837585 151.143738 643.988769 182.17303500000003 1.467456 1.973684 4.393716 -17.31838906831937 -19.671925850441493 119.40641733197798 1.66736976150397
Car 0 0 2.8822050091237372 1312.587524 353.178528 1568.556274 458.809357 1.782076 1.838177 4.734768 9.666508004422418 -2.150566493878057 42.94215551855534 -3.13832879483844
Car 0 2 2.732849338366932 1685.777466 356.575897 1920.0 460.280456 1.844324 1.80745 4.474249 17.002370252186733 -2.1867715155667637 43.184317416418835 -3.1339225629794196
Car 1 0 1.8724322739097425 178.484848 230.626083 256.81842 290.854065 1.450075 1.894809 4.258458 -24.064698004322878 -9.000004038102437 71.8276969247075 1.5795855461421056
Motorcyclist 0 0 0.04480956516490234 237.365845 289.097351 311.484925 353.838257 1.521002 0.731832 1.728814 -16.454755843675848 -4.955402088545706 54.27472689230708 -0.2135221241881815
Motorcyclist 1 0 3.121328304170446 871.209229 335.563446 946.773133 406.271545 1.698362 0.706789 1.708541 -0.7582527812735178 -2.925856992055569 45.711350314546245 -3.13718070859798
Trafficcone 0 0 2.8050997317093675 1768.484985 518.338379 1791.300903 572.3053590000001 0.877644 0.417272 0.428299 12.713238178810727 0.09899781362755711 33.139683048516325 -3.0690325285865474
Car 0 0 1.9108751826056636 55.979324 249.104553 169.66400099999998 323.25210500000003 1.69616 1.918375 4.351817 -23.65359943169498 -6.857891637954833 62.51991704985759 1.579614811400221
Trafficcone 2 0 3.2367750737358554 592.73407 320.55719 606.764404 357.114624 0.801133 0.432008 0.426338 -8.30728433169965 -5.0574064596279555 53.841872610517925 3.1244658919348067
Trafficcone 0 2 3.506583429816069 0 660.098328 10.359776 732.556824 0.820472 0.430305 0.410111 -10.656021612780625 1.7101373248012797 24.81335504387791 -3.1410578028815967
Car 0 0 -1.4381657754465753 519.687012 786.936462 776.826172 1048.141235 1.662155 1.924884 4.24122 -2.3192469083337235 3.342539314709574 18.487696544441857 -1.5331751456683502
Trafficcone 0 0 2.8431461778816454 1639.608154 359.993591 1656.693969 397.601165 0.881683 0.40758 0.451223 15.989615545242064 -3.696011958799045 49.631090846547025 -3.0859855843576396
Car 0 2 0.08283089173851704 0 352.995758 174.670776 459.915924 1.656726 1.894608 4.688212 -16.884443121258343 -2.1867798864527996 42.15457049070661 -0.2633342264444678
Car 1 0 -0.2099002235618283 400.906219 336.101288 634.00885 433.676605 1.668487 1.989741 4.283787 -8.740610872154887 -2.7678836767767185 44.74395947020918 -0.3706150522344651
Trafficcone 0 0 2.806452330885259 1727.526489 343.469421 1743.8095700000001 384.106536 0.958374 0.427624 0.455626 19.07367872461694 -4.264644705998631 52.52080812027712 -3.0859952253970153
Car 1 0 1.902054478460566 231.570618 237.543732 323.81985499999996 293.427338 1.465292 1.931298 4.39516 -20.631783628277123 -8.36999609471376 69.31415440351411 1.6418139897544108
Motorcyclist 0 0 3.1876424234687333 713.032654 552.626282 844.25824 689.68396 1.61228 0.760415 1.849493 -2.2125661338722913 1.3970288024915236 26.62825600841424 -3.1371807463203942
Car 0 0 -0.2222688270138903 864.468689 410.087585 1137.406616 518.69873 1.563495 1.831456 4.236997 1.237670118816425 -0.9742100952515154 37.20470112888998 -0.15144597994955666
Car 0 3 4.420712923473597 1390.831299 802.253662 1820.215454 1080.0 1.624334 1.974171 4.432244 5.030083731806028 3.4852997052446675 18.087786749910304 -1.560826575547148
Car 0 0 1.7068300537082868 494.869049 164.904694 546.778992 200.182084 1.486695 1.850314 4.350779 -20.396974970667227 -17.103202779670514 106.79929682940698 1.549252419645784
Car 1 0 1.8004776683459458 341.06134 189.639511 400.63879399999996 237.218063 1.464484 1.940915 4.442124 -23.349176833504515 -13.322771784696146 90.12960837613505 1.5774697875126638
Trafficcone 0 0 3.53534920950507 1619.085693 301.467621 1629.100464 316.487854 0.460702 0.221575 0.216303 19.924954461749373 -6.854286864500625 63.51314428580757 -2.3960734924199216
Trafficcone 0 0 2.8638260254072794 1589.362549 337.463318 1605.57605 372.18747 0.88335 0.409249 0.448399 15.982095766778128 -4.48681500276868 53.36721651194281 -3.0860014175863286
Car 1 0 1.8609368019630788 189.615387 250.721649 284.063843 318.84344500000003 1.670066 1.95141 4.264795 -20.39424219597788 -7.021014916927334 63.283494664679246 1.5796107171355835
Trafficcone 0 0 3.456546687414307 68.926949 595.545593 95.51941699999999 657.0903930000001 0.857892 0.517216 0.435652 -10.745243867937955 1.1214591099087032 27.471384427518494 3.1244730255755133
Trafficcone 0 0 3.7105722630006643 1786.417114 331.194763 1795.3579100000002 346.98568700000004 0.442471 0.213209 0.216595 22.72548933288927 -5.605422701714527 58.47311054590005 -2.1574385099151927
Trafficcone 1 0 3.2291773006418216 612.796448 305.630066 625.762451 341.333923 0.819229 0.431456 0.457409 -8.323135934206402 -5.766413101690794 56.80673235822608 3.1244699040281945
Car 0 3 4.63339660970465 993.88446 825.617004 1250.307495 1080.0 1.538014 1.769476 4.202459 1.2824416780820849 3.417965440604931 17.841616194145374 -1.5479179592088328
Car 1 0 2.9694781091989473 851.190552 363.632538 1096.187744 455.771454 1.591526 1.813706 4.600102 0.5654242147100448 -2.0885804748236323 41.9804462226036 3.021275807518964
Car 0 0 1.80369843921525 320.206909 251.588821 410.97326599999997 315.706329 1.514483 1.97326 4.380914 -16.58807388747313 -7.1643464795122105 63.690687509655255 1.579350079993377
Car 0 0 3.0420089594523256 163.658463 368.036316 451.251664 493.551972 1.859765 1.936356 4.800537 -11.04220327641658 -1.4398389219080343 38.683987355942236 2.7967744626757325
Trafficcone 1 0 3.4626565648033685 63.609066 536.036255 83.82341 597.501282 0.887938 0.476607 0.434175 -12.157914876844785 0.589586522035991 30.530951932185694 3.1244630590220863
Trafficcone 0 0 2.8538183996459283 1615.706299 348.121887 1631.3466799999999 385.525757 0.894884 0.44174 0.467025 15.953086685939702 -4.171443258720246 51.392176865951456 -3.0859956009555614
Trafficcone 1 0 3.213508754002694 640.624878 344.741608 652.885803 387.358887 0.808569 0.409371 0.404333 -6.632053053320766 -4.38175572441451 50.801154582530565 3.1244677984892615
Car 1 0 -1.5426433193841729 934.095032 212.794586 991.441834 272.36575300000004 1.815318 1.967752 4.232221 0.9227108075261583 -9.749892133517832 75.09978146283461 -1.5012614643260338
Car 0 0 -1.5469424370588456 939.242676 255.592773 1002.1946409999999 319.010498 1.867858 1.984858 4.294698 1.0497862954469284 -6.963524933425717 63.29216923342478 -1.5012615929141768
Car 1 0 1.8068902324614864 321.558533 209.819046 396.205078 270.473907 1.591879 1.927203 4.299119 -20.323049820621147 -10.285181342998303 77.08701094155127 1.5795518775319106
Trafficcone 0 0 2.7820929479198417 1827.140991 553.442017 1850.966553 612.084839 0.813352 0.438636 0.42864 12.693956860460693 0.5703379276679748 30.941358002339683 -3.069032255273424
Car 1 0 1.7822776280858967 364.961182 215.871597 461.398316 282.454559 1.762923 1.9664 4.20961 -16.975507545957754 -9.027460383990196 71.33000207959027 1.579083086959752
Car 1 0 1.8289964984272493 273.648865 193.741791 349.171295 251.47258 1.503132 1.931538 4.326213 -23.626893348610338 -11.6713225605628 82.18115751155699 1.579484468267804
Car 1 0 1.9664114429851702 0 151.062027 70.678558 304.26532 3.991869 2.959276 11.526844 -29.94863401925997 -7.632859433564218 65.48389562460996 1.5681623633163277
Cyclist 1 0 2.7143051821287103 1495.054321 226.180588 1539.571533 264.54831 1.076214 0.72317 1.765169 19.943608562438094 -9.914969403519198 75.82124784807797 3.009557670347868
Car 0 0 3.0060251563430627 508.788147 360.883636 758.944275 473.91311600000006 1.681331 1.775526 4.38503 -5.648405031384301 -1.845833966358148 40.417574316938584 2.9025777215487913
Car 0 0 4.705983485649921 973.186768 135.087769 1006.987854 166.140519 1.459101 1.989897 4.474667 3.2441054951898725 -24.24744058699506 137.97498471813424 -1.5241061298073306
Trafficcone 1 0 2.818939016087236 1697.30896 369.854401 1713.2421880000002 411.931549 0.887236 0.402407 0.420427 16.80636328853476 -3.338389155519927 48.14180823691379 -3.0859884531342248
Car 0 0 1.7643776391604513 410.209259 254.151611 496.850983 321.884796 1.482445 1.808762 4.319125 -13.698420096914532 -6.918616854300341 62.34317926182901 1.5785457064210808
Car 0 0 0.3886155354620134 0 441.367279 74.822258 532.840942 1.705096 1.930158 4.455759 -15.726957936537108 -0.5881666829649435 35.16182474857899 0.009405705603558578
Trafficcone 0 0 2.8747466887195046 1563.170654 323.197632 1577.60437 356.572083 0.845388 0.343631 0.495873 15.968475239607077 -5.060982710603125 55.519993370519515 -3.085997280090752
